Voc/MaxVoc,Isc/MaxIsc,G,TA,Fault
0.92,0.616666666666667,0.576,0.47,0
0.92,0.616666666666667,0.577,0.4688,0
0.917777777777778,0.616666666666667,0.578,0.4612,0
0.922222222222222,0.666666666666667,0.669,0.475,0
0.922222222222222,0.683333333333333,0.671,0.4712,0
0.922222222222222,0.683333333333333,0.672,0.465,0
0.917777777777778,0.666666666666667,0.661,0.4624,0
0.917777777777778,0.683333333333333,0.66,0.4638,0
0.92,0.75,0.74,0.4638,0
0.917777777777778,0.75,0.739,0.4638,0
0.917777777777778,0.75,0.736,0.4638,0
0.915555555555556,0.75,0.735,0.4688,0
0.92,0.8,0.817,0.4624,0
0.917777777777778,0.8,0.818,0.4624,0
0.917777777777778,0.833333333333333,0.862,0.4624,0
0.917777777777778,0.833333333333333,0.861,0.4688,0
0.917777777777778,0.833333333333333,0.863,0.4612,0
0.915555555555556,0.833333333333333,0.865,0.465,0
0.915555555555556,0.833333333333333,0.867,0.4638,0
0.902222222222222,0.683333333333333,0.686,0.465,0
0.904444444444444,0.7,0.688,0.465,0
0.902222222222222,0.683333333333333,0.687,0.4612,0
0.897777777777778,0.616666666666667,0.622,0.46,0
0.9,0.616666666666667,0.624,0.4588,0
0.9,0.616666666666667,0.625,0.46,0
0.862222222222222,0.283333333333333,0.304,0.46,0
0.864444444444444,0.266666666666667,0.302,0.4624,0
0.866666666666667,0.283333333333333,0.306,0.465,0
0.868888888888889,0.283333333333333,0.306,0.4524,0
0.871111111111111,0.283333333333333,0.308,0.4562,0
0.873333333333333,0.283333333333333,0.307,0.4412,0
0.875555555555556,0.283333333333333,0.304,0.4462,0
0.922222222222222,0.633333333333333,0.628,0.4524,0
0.92,0.633333333333333,0.623,0.45,0
0.92,0.633333333333333,0.622,0.4424,0
0.906666666666667,0.533333333333333,0.527,0.4438,0
0.906666666666667,0.533333333333333,0.526,0.4462,0
0.906666666666667,0.533333333333333,0.525,0.4538,0
0.906666666666667,0.5,0.493,0.4574,0
0.904444444444444,0.5,0.491,0.4588,0
0.904444444444444,0.5,0.492,0.4712,0
0.904444444444444,0.5,0.49,0.4612,0
0.895555555555555,0.433333333333333,0.425,0.445,0
0.893333333333333,0.433333333333333,0.426,0.4438,0
0.891111111111111,0.433333333333333,0.425,0.4474,0
0.931111111111111,0.666666666666667,0.648,0.4512,0
0.928888888888889,0.666666666666667,0.632,0.4562,0
0.924444444444445,0.633333333333333,0.595,0.4512,0
0.922222222222222,0.633333333333333,0.597,0.4524,0
0.922222222222222,0.633333333333333,0.595,0.4462,0
0.911111111111111,0.85,0.855,0.435,0
0.911111111111111,0.841666666666667,0.854,0.4312,0
0.911111111111111,0.841666666666667,0.856,0.4362,0
0.911111111111111,0.85,0.89,0.4274,0
0.911111111111111,0.85,0.882,0.43,0
0.928888888888889,0.85,0.893,0.4288,0
0.924444444444445,0.866666666666667,0.895,0.4312,0
0.92,0.866666666666667,0.897,0.435,0
0.915555555555556,0.866666666666667,0.909,0.4324,0
0.915555555555556,0.866666666666667,0.914,0.4338,0
0.915555555555556,0.858333333333333,0.901,0.4324,0
0.911111111111111,0.841666666666667,0.87,0.4274,0
0.911111111111111,0.841666666666667,0.876,0.425,0
0.906666666666667,0.758333333333333,0.736,0.43,0
0.906666666666667,0.766666666666667,0.746,0.43,0
0.906666666666667,0.758333333333333,0.743,0.4312,0
0.906666666666667,0.825,0.848,0.4274,0
0.893333333333333,0.65,0.643,0.4262,0
0.893333333333333,0.658333333333333,0.647,0.4262,0
0.897777777777778,0.658333333333333,0.651,0.435,0
0.897777777777778,0.658333333333333,0.649,0.4374,0
0.897777777777778,0.633333333333333,0.631,0.4388,0
0.897777777777778,0.633333333333333,0.636,0.4388,0
0.897777777777778,0.633333333333333,0.624,0.44,0
0.897777777777778,0.625,0.619,0.4424,0
0.897777777777778,0.65,0.638,0.4574,0
0.897777777777778,0.6,0.602,0.4562,0
0.897777777777778,0.608333333333333,0.603,0.4588,0
0.897777777777778,0.608333333333333,0.608,0.4574,0
0.897777777777778,0.591666666666667,0.591,0.4538,0
0.897777777777778,0.591666666666667,0.589,0.4488,0
0.888888888888889,0.516666666666667,0.518,0.455,0
0.893333333333333,0.525,0.521,0.455,0
0.893333333333333,0.533333333333333,0.528,0.4524,0
0.893333333333333,0.533333333333333,0.532,0.4524,0
0.893333333333333,0.533333333333333,0.53,0.4488,0
0.893333333333333,0.541666666666667,0.536,0.4512,0
0.888888888888889,0.45,0.459,0.4488,0
0.888888888888889,0.45,0.457,0.4512,0
0.888888888888889,0.458333333333333,0.464,0.4512,0
0.888888888888889,0.458333333333333,0.466,0.4538,0
0.893333333333333,0.466666666666667,0.47,0.4512,0
0.893333333333333,0.466666666666667,0.473,0.445,0
0.893333333333333,0.458333333333333,0.469,0.445,0
0.893333333333333,0.458333333333333,0.462,0.4438,0
0.888888888888889,0.408333333333333,0.421,0.4588,0
0.888888888888889,0.408333333333333,0.42,0.4612,0
0.888888888888889,0.408333333333333,0.423,0.4612,0
0.888888888888889,0.408333333333333,0.425,0.4638,0
0.888888888888889,0.416666666666667,0.428,0.47,0
0.902222222222222,0.616666666666667,0.594,0.4538,1
0.9,0.616666666666667,0.591,0.4524,1
0.9,0.616666666666667,0.59,0.455,1
0.897777777777778,0.616666666666667,0.585,0.45,1
0.908888888888889,0.8,0.81,0.4524,1
0.908888888888889,0.783333333333333,0.811,0.445,1
0.908888888888889,0.8,0.811,0.4424,1
0.906666666666667,0.8,0.809,0.4412,1
0.902222222222222,0.783333333333333,0.807,0.4438,1
0.9,0.833333333333333,0.864,0.4438,1
0.886666666666667,0.833333333333333,0.871,0.445,1
0.882222222222222,0.833333333333333,0.866,0.445,1
0.882222222222222,0.833333333333333,0.863,0.4412,1
0.864444444444444,0.7,0.732,0.4388,1
0.862222222222222,0.7,0.733,0.4362,1
0.891111111111111,0.766666666666667,0.776,0.4388,1
0.888888888888889,0.766666666666667,0.775,0.435,1
0.877777777777778,0.783333333333333,0.78,0.4362,1
0.873333333333333,0.783333333333333,0.778,0.4362,1
0.871111111111111,0.783333333333333,0.781,0.4312,1
0.893333333333333,0.666666666666667,0.514,0.4362,1
0.88,0.65,0.483,0.4338,1
0.875555555555556,0.65,0.512,0.4312,1
0.873333333333333,0.65,0.538,0.4324,1
0.868888888888889,0.65,0.568,0.4324,1
0.862222222222222,0.433333333333333,0.43,0.42,1
0.857777777777778,0.433333333333333,0.432,0.4188,1
0.853333333333333,0.35,0.362,0.415,1
0.851111111111111,0.35,0.367,0.415,1
0.851111111111111,0.35,0.369,0.4124,1
0.851111111111111,0.383333333333333,0.413,0.4124,1
0.851111111111111,0.366666666666667,0.41,0.4088,1
0.868888888888889,0.733333333333333,0.736,0.4038,1
0.866666666666667,0.733333333333333,0.734,0.3988,1
0.864444444444444,0.733333333333333,0.735,0.3962,1
0.851111111111111,0.7,0.701,0.3962,1
0.848888888888889,0.683333333333333,0.699,0.3974,1
0.846666666666667,0.633333333333333,0.698,0.3974,1
0.877777777777778,0.683333333333333,0.786,0.3962,1
0.873333333333333,0.683333333333333,0.785,0.3974,1
0.866666666666667,0.666666666666667,0.782,0.3962,1
0.862222222222222,0.6,0.783,0.3938,1
0.88,0.666666666666667,0.826,0.3924,1
0.877777777777778,0.666666666666667,0.824,0.3938,1
0.897777777777778,0.333333333333333,0.48,0.3924,1
0.895555555555555,0.333333333333333,0.479,0.3962,1
0.895555555555555,0.333333333333333,0.478,0.3938,1
0.908888888888889,0.35,0.491,0.3962,1
0.908888888888889,0.35,0.493,0.3962,1
0.908888888888889,0.35,0.494,0.3938,1
0.88,0.266666666666667,0.437,0.475,1
0.88,0.266666666666667,0.44,0.4762,1
0.88,0.266666666666667,0.438,0.4762,1
0.893333333333333,0.3,0.525,0.4774,1
0.893333333333333,0.308333333333333,0.529,0.48,1
0.893333333333333,0.3,0.527,0.485,1
0.893333333333333,0.308333333333333,0.53,0.4874,1
0.897777777777778,0.341666666666667,0.581,0.49,1
0.897777777777778,0.341666666666667,0.579,0.49,1
0.897777777777778,0.341666666666667,0.582,0.49,1
0.897777777777778,0.35,0.585,0.4962,1
0.897777777777778,0.35,0.589,0.4938,1
0.902222222222222,0.366666666666667,0.623,0.4912,1
0.902222222222222,0.366666666666667,0.624,0.4938,1
0.902222222222222,0.366666666666667,0.627,0.4938,1
0.902222222222222,0.366666666666667,0.628,0.4924,1
0.902222222222222,0.375,0.631,0.4912,1
0.897777777777778,0.383333333333333,0.537,0.4924,1
0.897777777777778,0.383333333333333,0.54,0.49,1
0.897777777777778,0.383333333333333,0.534,0.4974,1
0.893333333333333,0.375,0.529,0.4988,1
0.893333333333333,0.375,0.532,0.4974,1
0.893333333333333,0.375,0.573,0.4938,1
0.893333333333333,0.383333333333333,0.529,0.4888,1
0.911111111111111,0.458333333333333,0.879,0.4874,1
0.911111111111111,0.458333333333333,0.882,0.4888,1
0.911111111111111,0.458333333333333,0.886,0.4924,1
0.911111111111111,0.475,0.885,0.4924,1
0.906666666666667,0.483333333333333,0.887,0.495,1
0.906666666666667,0.483333333333333,0.889,0.495,1
0.906666666666667,0.475,0.902,0.495,1
0.906666666666667,0.475,0.9,0.5012,1
0.906666666666667,0.466666666666667,0.899,0.5024,1
0.906666666666667,0.466666666666667,0.904,0.5024,1
0.902222222222222,0.466666666666667,0.896,0.5038,1
0.902222222222222,0.475,0.919,0.5038,1
0.902222222222222,0.475,0.913,0.4988,1
0.902222222222222,0.466666666666667,0.909,0.5,1
0.902222222222222,0.466666666666667,0.914,0.5012,1
0.902222222222222,0.466666666666667,0.911,0.5024,1
0.897777777777778,0.466666666666667,0.92,0.5024,1
0.897777777777778,0.458333333333333,0.909,0.5012,1
0.888888888888889,0.466666666666667,0.915,0.5024,1
0.888888888888889,0.458333333333333,0.906,0.5024,1
0.88,0.4,0.742,0.5112,1
0.88,0.4,0.745,0.5112,1
0.88,0.4,0.744,0.51,1
0.88,0.408333333333333,0.789,0.5088,1
0.88,0.408333333333333,0.785,0.5074,1
0.897777777777778,0.441666666666667,0.846,0.5038,1
0.935555555555556,0.633333333333333,0.62,0.42,2
0.924444444444445,0.583333333333333,0.563,0.42,2
0.928888888888889,0.65,0.621,0.425,2
0.917777777777778,0.533333333333333,0.514,0.4288,2
0.917777777777778,0.533333333333333,0.523,0.435,2
0.911111111111111,0.5,0.487,0.4362,2
0.928888888888889,0.7,0.695,0.4378,2
0.933333333333333,0.833333333333333,0.858,0.4388,2
0.928888888888889,0.816666666666667,0.832,0.4374,2
0.924444444444445,0.816666666666667,0.844,0.4262,2
0.917777777777778,0.75,0.76,0.4362,2
0.917777777777778,0.733333333333333,0.75,0.435,2
0.917777777777778,0.766666666666667,0.682,0.43,2
0.915555555555556,0.75,0.77,0.4324,2
0.913333333333333,0.75,0.77,0.435,2
0.911111111111111,0.75,0.772,0.4338,2
0.902222222222222,0.616666666666667,0.642,0.4312,2
0.902222222222222,0.6,0.62,0.4362,2
0.902222222222222,0.6,0.626,0.4474,2
0.906666666666667,0.6,0.627,0.4488,2
0.9,0.533333333333333,0.569,0.4438,2
0.9,0.533333333333333,0.571,0.4474,2
0.893333333333333,0.45,0.497,0.4488,2
0.893333333333333,0.45,0.496,0.4438,2
0.893333333333333,0.45,0.495,0.4464,2
0.893333333333333,0.433333333333333,0.502,0.4486,2
0.893333333333333,0.433333333333333,0.505,0.4424,2
0.877777777777778,0.3,0.335,0.4456,2
0.88,0.3,0.332,0.4478,2
0.882222222222222,0.3,0.331,0.4424,2
0.888888888888889,0.333333333333333,0.359,0.4462,2
0.891111111111111,0.333333333333333,0.362,0.4412,2
0.891111111111111,0.316666666666667,0.347,0.4462,2
0.924444444444445,0.616666666666667,0.659,0.4438,2
0.924444444444445,0.633333333333333,0.664,0.445,2
0.922222222222222,0.633333333333333,0.66,0.455,2
0.911111111111111,0.516666666666667,0.549,0.4574,2
0.911111111111111,0.516666666666667,0.551,0.4462,2
0.911111111111111,0.516666666666667,0.55,0.4474,2
0.906666666666667,0.466666666666667,0.49,0.4488,2
0.906666666666667,0.45,0.489,0.4488,2
0.906666666666667,0.466666666666667,0.492,0.4524,2
0.891111111111111,0.333333333333333,0.367,0.4474,2
0.891111111111111,0.333333333333333,0.37,0.445,2
0.891111111111111,0.333333333333333,0.368,0.4438,2
0.92,0.533333333333333,0.534,0.4474,2
0.92,0.533333333333333,0.536,0.44,2
0.92,0.516666666666667,0.535,0.4474,2
0.922222222222222,0.566666666666667,0.587,0.445,2
0.922222222222222,0.566666666666667,0.581,0.4438,2
0.902222222222222,0.733333333333333,0.843,0.4812,2
0.902222222222222,0.733333333333333,0.841,0.4812,2
0.897777777777778,0.725,0.842,0.4838,2
0.893333333333333,0.691666666666667,0.793,0.48,2
0.893333333333333,0.691666666666667,0.794,0.4938,2
0.893333333333333,0.7,0.797,0.4938,2
0.893333333333333,0.691666666666667,0.789,0.4924,2
0.888888888888889,0.65,0.735,0.4938,2
0.888888888888889,0.65,0.733,0.4938,2
0.888888888888889,0.641666666666667,0.728,0.4938,2
0.888888888888889,0.616666666666667,0.723,0.4924,2
0.888888888888889,0.591666666666667,0.717,0.4938,2
0.88,0.216666666666667,0.238,0.495,2
0.902222222222222,0.291666666666667,0.325,0.4938,2
0.928888888888889,0.5,0.594,0.4974,2
0.928888888888889,0.525,0.623,0.495,2
0.924444444444445,0.516666666666667,0.619,0.495,2
0.924444444444445,0.508333333333333,0.61,0.4938,2
0.924444444444445,0.516666666666667,0.611,0.4924,2
0.924444444444445,0.483333333333333,0.577,0.4874,2
0.924444444444445,0.525,0.633,0.485,2
0.924444444444445,0.533333333333333,0.638,0.4888,2
0.924444444444445,0.533333333333333,0.64,0.4888,2
0.928888888888889,0.633333333333333,0.735,0.4874,2
0.924444444444445,0.633333333333333,0.737,0.4938,2
0.92,0.633333333333333,0.738,0.4974,2
0.92,0.775,0.838,0.4824,2
0.92,0.783333333333333,0.847,0.4838,2
0.92,0.791666666666667,0.851,0.4824,2
0.915555555555556,0.8,0.858,0.4812,2
0.888888888888889,0.45,0.53,0.4824,2
0.888888888888889,0.45,0.529,0.4774,2
0.893333333333333,0.441666666666667,0.527,0.4762,2
0.893333333333333,0.441666666666667,0.525,0.4738,2
0.893333333333333,0.433333333333333,0.518,0.4724,2
0.893333333333333,0.433333333333333,0.514,0.4738,2
0.893333333333333,0.433333333333333,0.512,0.4724,2
0.875555555555556,0.308333333333333,0.376,0.47,2
0.88,0.308333333333333,0.375,0.4712,2
0.88,0.308333333333333,0.373,0.4738,2
0.88,0.308333333333333,0.371,0.465,2
0.884444444444444,0.325,0.396,0.4624,2
0.884444444444444,0.325,0.397,0.4612,2
0.884444444444444,0.325,0.399,0.4574,2
0.888888888888889,0.35,0.429,0.4574,2
0.888888888888889,0.341666666666667,0.428,0.4588,2
0.888888888888889,0.341666666666667,0.427,0.455,2
0.893333333333333,0.358333333333333,0.449,0.4562,2
0.893333333333333,0.358333333333333,0.445,0.4538,2
0.897777777777778,0.375,0.463,0.4562,2
