Voc/MaxVoc,Isc/MaxIsc,G/1000,AT/50,Fault
0.938038767791108,0.846289861860444,0.796,0.2938,0
0.938038767791108,0.846289861860444,0.796,0.2952,0
0.935608615542945,0.846289861860444,0.819,0.2976,0
0.935608615542945,0.846289861860444,0.819,0.2964,0
0.931558361796005,0.846289861860444,0.818,0.2876,0
0.931558361796005,0.846289861860444,0.818,0.2872,0
0.943709123036823,0.822110151521574,0.788,0.29,0
0.943709123036823,0.822110151521574,0.788,0.2916,0
0.939658869289884,0.822110151521574,0.786,0.2888,0
0.939658869289884,0.822110151521574,0.786,0.2898,0
0.95991013802458,0.725391310166095,0.719,0.29,0
0.95991013802458,0.725391310166095,0.719,0.2894,0
0.656141107004143,0.82211,0.831,0.2962,1
0.656141107004143,0.82211,0.831,0.297,1
0.660191360751082,0.79793,0.793,0.2938,1
0.660191360751082,0.79793,0.793,0.2944,1
0.656141107004143,0.82211,0.831,0.2962,1
0.656141107004143,0.82211,0.831,0.2958,1
0.554884763330664,0.84629,0.796,0.3012,1
0.554884763330664,0.84629,0.796,0.3018,1
0.567035524571482,0.82211,0.791,0.2926,1
0.567035524571482,0.82211,0.791,0.293,1
0.558935017077603,0.82211,0.788,0.2926,1
0.558935017077603,0.82211,0.788,0.291,1
0.874854809338857,0.797930441182705,0.779,0.2862,2
0.874854809338857,0.797930441182705,0.779,0.2872,2
0.878905063085796,0.797930441182705,0.794,0.29,2
0.878905063085796,0.797930441182705,0.794,0.289,2
0.874854809338857,0.797930441182705,0.803,0.2926,2
0.874854809338857,0.797930441182705,0.803,0.2934,2
0.95585988427764,0.677031889488355,0.792,0.2962,2
0.95585988427764,0.677031889488355,0.792,0.2942,2
0.801950241893952,0.725391310166095,0.785,0.29,2
0.801950241893952,0.725391310166095,0.785,0.2924,2
0.801950241893952,0.725391310166095,0.784,0.2962,2
0.801950241893952,0.725391310166095,0.784,0.2978,2
0.907256839314371,0.773751,0.764,0.5612,0
0.907256839314371,0.773751,0.764,0.5628,0
0.822201510628648,0.797930441182705,0.762,0.5574,0
0.822201510628648,0.797930441182705,0.762,0.5566,0
0.895106078073553,0.749571,0.745,0.5538,0
0.895106078073553,0.749571,0.745,0.5554,0
0.62171395015516,0.386875365421917,0.717,0.5662,1
0.62171395015516,0.386875365421917,0.717,0.5666,1
0.611588315787812,0.386875365421917,0.712,0.5662,1
0.611588315787812,0.386875365421917,0.712,0.5654,1
0.604297859043322,0.386875365421917,0.709,0.5738,1
0.604297859043322,0.386875365421917,0.709,0.572,1
0.891055824326614,0.701211599827225,0.803,0.56,2
0.891055824326614,0.701211599827225,0.803,0.5614,2
0.899156331820492,0.701211599827225,0.806,0.5662,2
0.899156331820492,0.701211599827225,0.806,0.5658,2
0.895106078073553,0.677031889488355,0.805,0.5662,2
0.895106078073553,0.677031889488355,0.805,0.5682,2
0.899156331820492,0.701211599827225,0.801,0.5738,2
0.899156331820492,0.701211599827225,0.801,0.5754,2
0.95991013802458,0.725391310166095,0.718,0.29,0
0.95991013802458,0.725391310166095,0.718,0.291,0
0.604297859043322,0.386875365421917,0.710,0.5738,1
0.604297859043322,0.386875365421917,0.710,0.5732,1
